  1981           40.864680         -204.280700        -1280.494000          947.038600        17650.430000         1661.587000            5.370527           32.708110             .000001             .000096             .000034             .000663
  1982         1811.287000         1094.780000          353.671400          607.976100        17555.030000         1658.185000           13.812230           22.817780             .000002             .000016             .000022             .000440
  1983         1928.802000         1092.683000          517.985600          439.189100        17529.320000         1654.048000           20.420290           19.907690             .000002             .000002             .000016             .000312
  1984         2076.373000          547.964700         -916.747900         1331.659000        17454.910000         1638.970000          102.751100            2.188376             .000018             .000000             .000066             .001328
  1985         2037.829000         1186.977000          555.508000          494.933100        17323.990000         1636.440000           30.600230           16.995150             .000002             .000521             .000018             .000298
  1986         1783.004000          974.266100          345.585500          491.384100        17312.460000         1636.726000           10.442850           20.776300             .000003             .008003             .000076             .000423
  1987         2005.446000         1128.586000          459.713300          529.501800        17341.460000         1642.070000            3.359851           27.050740             .000004             .008556             .000089             .000537
  1988         2102.275000          747.241900         -628.843700         1237.992000        17385.430000         1638.616000           76.475290            8.808795             .000004             .000000             .000009             .000173
  1989         1493.374000          609.193700         -534.064200         1006.956000        17316.640000         1629.450000          127.361600            6.353992             .000004             .000000             .000005             .000098
  1990         1586.536000          726.091400         -389.663600          979.738300        17198.270000         1614.927000          175.574500            6.727840             .000004             .000000             .000005             .000107
  1991         2608.882000         1359.634000          425.945700          792.832400        17014.540000         1597.561000          140.021000            9.906054             .000004             .000002             .000007             .000148
  1992         1712.983000          818.725500          -51.858750          730.659500        16849.720000         1584.291000           88.508960            8.932441             .000004             .000000             .000005             .000102
  1993         1872.767000          966.722000           76.033190          749.875400        16742.700000         1579.519000           22.281550           15.226650             .000005             .000009             .000015             .000297
  1994         1859.454000          944.624000          138.144300          665.050700        16707.760000         1579.599000           61.163940            7.004176             .000006             .000000             .000006             .000125
  1995         1927.665000         1004.954000          115.013900          747.406300        16702.190000         1575.938000           43.314890           10.210810             .000005             .000000             .000008             .000169
  1996         2004.599000         1048.474000          150.284100          754.338900        16667.830000         1572.456000           48.057980            9.591942             .000006             .000000             .000008             .000158
  1997         1740.470000          869.880500          -14.799730          741.124000        16638.150000         1569.916000           52.159810            9.639806             .000007             .000000             .000009             .000179
  1998         1953.749000         1026.898000          117.731000          764.326200        16620.690000         1568.100000           12.048840           19.492820             .000007             .001184             .000027             .000383
  1999         2207.311000         1142.752000           78.508420          917.408700        16580.940000         1560.228000           34.403010            8.452365             .000008             .000000             .000008             .000151
  2000         3113.180000         1716.097000          890.209700          672.754200        16518.760000         1557.981000           14.150580           11.354610             .000022             .000000             .000050             .001009
  2001         2986.992000         1507.129000          565.951100          784.833300        16514.190000         1558.311000           16.026120           11.749420             .000026             .000000             .000062             .001239
  2002         2977.240000         1497.978000          498.708500          839.922500        16547.110000         1564.617000           17.258660           10.727370             .000029             .000000             .000063             .001258
  2003         3018.492000         1514.283000          484.672800          867.213300        16628.490000         1573.140000           18.839670           11.449770             .000031             .000000             .000070             .001406
  2004         2543.809000         1306.342000          361.832700          780.871000        16738.990000         1584.029000            7.301963           21.722810             .000024             .000120             .000092             .001811
  2005         2743.290000         1456.083000          450.984500          838.654700        16872.970000         1596.441000           11.704840           20.914430             .000018             .000000             .000046             .000922
  2006         1875.754000          864.445700         -226.867500          927.090600        17005.340000         1605.833000           45.851980           10.814260             .000012             .000000             .000011             .000217
  2007         2657.266000         1451.448000          448.347400          835.193500        17114.910000         1615.894000           58.014180           10.312030             .000025             .000000             .000030             .000596
  2008         2649.131000         1394.723000          362.610400          861.820300        17208.460000         1620.110000           10.958750           16.388600             .000021             .000000             .000040             .000797
  2009         2121.176000         1040.688000           16.415830          854.694100        17253.520000         1625.264000           18.661530           15.070970             .000013             .000000             .000016             .000313
  2010         2731.162000         1496.962000          495.061700          828.693200        17325.360000         1633.878000           13.683810           15.040440             .000018             .000000             .000024             .000470
