    1982  1044.50708008   307.92413330    71.77532196
    1983  1011.89587402   278.57531738    27.68989563
    1984  1059.81005859   334.05288696    93.15972900
    1985  1178.72827148   392.03280640   122.01795197
    1986   977.19445801   238.38728333    -7.10671949
    1987  1082.58581543   325.51480103    60.19370270
    1988  1036.97058105   284.05218506    22.52046776
    1989  1140.58544922   365.31802368    89.75460052
    1990  1094.77087402   320.95614624    56.70751953
    1991  1031.17504883   286.40045166    33.92541504
    1992  1068.93774414   312.50592041    52.00124359
    1993  1175.98632812   380.62625122    98.78468323
    1994  1076.03271484   299.91687012    38.21378708
    1995  1031.71435547   271.58132935    15.00220394
    1996  1127.11730957   345.31201172    55.62823868
    1997  1010.14886475   259.62542725    -5.92155743
    1998  1198.47998047   384.97189331    84.24134827
    1999  1111.52465820   308.78811646    35.83273315
    2000   956.75164795   207.62135315   -65.43341827
    2001  1067.64587402   319.32598877    38.58706284
    2002   893.90734863   190.19087219   -57.11062622
    2003  1040.47851562   309.69412231    22.75302124
    2004  1110.11767578   340.44052124    55.19930267
    2005   982.60217285   241.61088562   -19.14416504
    2006  1085.94323730   339.54681396    65.47978210
    2007  1086.33569336   334.34979248    69.95305634
    2008  1109.08752441   327.71020508    50.83908463
    2009   994.40753174   248.20973206   -17.38195229
    2010  1037.04125977   296.26278687    25.22631645
    2011   894.82867432   148.03973389  -126.30953217
    2012   980.51666260   302.39575195    35.91237259
    2013  1050.28808594   332.20690918    66.54422760
